222
1003
527
709
1706
552
1420
229
247
102
1295
137
1556
32
46
53
2
32
60
40
81
32
48
51
56
32
43
41
443
168
153
208
89043
53
1645184
39
6054
10552610
41502344
42
33
46
257628
44
17304
12858
32
63
48
197
32
48
33
66726
32
46
30
33
41
471
251
249
287
84425
57
593250
43
6232
4043681
14165481
42
33
50
127266
48
5907
8061
32
42
30
41
864
37
235
32
133
39
6755556
29
39
15000
85
39
33408
39
1408
39
776
32
42
31
406
32
42
31
1
32
162
32
92809
261
253
75
9870
2352
9551
31906
19555
47517
35177
377094
1261352
25987
11657
10945
188652
6270
6304
4175
7661
1520191
173358
42953
20734
55298
2293
963
41683
30250
20637
969
261
39917
6788
1718956
56617
33627
330371
60577
29371
14204575
2854
3149
14538
60402
1548432
94
130
1256
3227
41
896
41
929
41
940
41
1110
41
905
48
890
41
980
41
999
41
1051
41
889
41
897
41
911
41
896
41
896
41
987
45
883
45
882
45
45
45
3318
45
896
41
897
41
899
41
895
41
960
41
902
45
889
41
893
41
893
41
1020
41
1103
41
890
41
903
41
958
41
894
41
888
41
911
41
912
41
887
41
1044
41
946
41
1043
41
1103
41
897
41
977
41
998
41
918
41
907
41
955
41
1077
41
986
41
1060
41
907
41
1110
41
893
41
1032
47
413
41
898
41
1067
41
1055
41
913
45
902
45
899
41
41
897
41
972
41
1056
41
910
41
887
41
909
41
966
41
896
41
887
41
1106
41
1114
41
1025
41
898
41
881
41
970
41
953
41
900
42
1396
41
932
45
872
45
863
45
863
41
894
38
15136
132144
130
1265
75
38
413
3801
38
1029
38
466
38
466
30
32
85
855
86
7893
3577
32
46
30
35
51
24
32
51
37
137
32
51
66
13532
32
49
36
21648
32
51
47
4859
32
47
95
392
32
47
30
30
30
41
40047512
32
46
5507
328
672
572
852
1160
1572
772
808
820
988
784
824
860
876
932
768
776
788
776
776
864
792
792
792
792
3276
808
776
776
772
840
780
800
772
772
900
984
768
780
836
772
768
788
792
764
924
824
920
984
776
856
876
796
784
832
956
864
940
784
988
772
912
552
776
948
936
792
812
808
780
776
852
936
788
764
788
844
776
764
988
992
904
776
760
848
832
780
1524
812
784
772
772
772
16608
32
46
30
68
3807
77609
769
766
770
771
772
798
770
771
771
770
769
770
769
769
770
785
785
785
785
795
785
769
770
770
769
770
786
770
769
769
771
769
771
769
769
769
770
768
766
769
770
769
771
765
771
768
770
770
769
772
770
771
770
772
769
770
1009
770
772
770
769
785
785
769
769
771
771
770
770
769
770
769
770
769
772
769
770
769
771
770
771
869
769
782
781
781
770
12711
52
1096
32
48
43
2
32
49
63
15
32
57
95
394
32
48
325
49
438
43
544
43
442
43
721
43
1031
43
1443
32
48
30
95
389
111157
32
42
30
647
870
1244
5317
4887
3583
3851
34
36
44
34
34
57
1584
32
48
33
14549
32
58
56
96
32
49
40
4416
32
48
41
14674
32
49
32
48
47
8008
45
119
79
97
382
4096
4096
8
8
223
32768
8
33
2604
4096
8
52
32768
123
4096
32768
4096
4096
8
8
226
32768
101
4096
8
86
32768
96
947
3
55
32768
4096
4096
8
4096
4096
8
61
32768
18
57
3505
45
31
99
32
89
66035567
405
41
60
32607
148
57
50433
32
39
23
97
47
378
110
2197
30
34
36
43
122
342
49
434
38
995
38
996
322
212
34
53
202
727
231
569
136
774
30
128
23654
91
135
108
238
226
36
43
3647
91
152
214
391
92
784
2519
10932
295
406
450
282
462
704
586
862
1674
762
1226
1418
213
391
68
336
94
2377
1605
1645
38
45
285
199
348
345
374
409
730
826
756
0
164
37
2655
1491
83
2541
17228
78
2532
1755
122
3031
13484
4562
147
18
4757
208
2815
390
303
753
166
974
180
4752
388
231
89
161
48
360
128
